Shoiab Malick 18
Test
24 4617 68.23 587 56.99 5678 14 77.23 6 5.96 59 5 5
ODI
678 7899 43.87 569 678 56789 765 35.98 7 8.96 543 8 4
T20I
43 2345 54.76 23 765 8765 76 34.76 9 7.45 76 9 3
FC
76 6789 12.54 676 8 65437 654 87.98 7 4.98 6 3 2

Mohammad Hafeez 8
Test
13 4368 37.38 867 56.87 9678 82 76.98 9 5.17 57 4 8
ODI
578 4899 23.81 519 678 76789 665 35.98 6 8.16 503 8 7
T20I
83 6745 51.86 93 765 4765 96 34.76 9 5.85 76 5 2
FC
96 8789 15.94 766 8 64537 904 87.98 4 2.98 2 6 5

Sarfaraz Ahmed 54
Test
43 7578 17.78 587 56.27 8778 76 64.98 7 8.27 87 6 8
ODI
878 8799 24.81 899 768 75429 215 87.98 3 8.87 123 5 8
T20I
13 7655 52.46 53 745 8765 26 54.76 8 6.65 26 4 4
FC
95 5759 55.54 566 5 65557 504 57.58 5 5.58 5 5 3

Wahab Riaz 47
Test
53 8588 27.68 967 59.17 8768 56 56.98 6 9.88 12 4 7
ODI
238 9579 12.81 869 123 12349 321 45.67 8 9.12 533 5 7
T20I
23 7325 51.82 23 265 2765 26 24.76 2 2.82 26 2 2
FC
36 1719 11.14 166 1 11537 104 17.18 1 1.91 1 1 3

Mohammad Amir 5
Test
63 9598 37.58 367 54.87 2348 43 98.98 3 2.85 98 8 4
ODI
128 4321 29.11 239 878 77777 115 33.99 4 1.11 523 5 3
T20I
33 6735 31.36 93 365 3735 36 33.36 3 3.83 36 3 2
FC
66 6769 65.64 666 6 64567 604 67.68 6 6.68 6 2 3

junaid Khan 83
Test
76 7653 87.58 387 54.87 3873 87 25.98 8 2.75 12 2 4
ODI
828 7363 87.11 367 988 73873 115 33.99 8 1.98 263 9 0
T20I
38 1234 32.36 93 274 3825 36 56.36 9 3.93 26 3 4
FC
23 4321 55.64 986 8 39877 694 67.68 2 6.98 2 3 4

Haris Sohail 89
Test
75 5432 84.58 654 54.87 8765 87 23.98 8 1.75 12 2 8
ODI
828 9876 27.11 866 988 21233 115 73.99 8 1.98 983 9 0
T20I
78 2654 22.36 93 987 9876 36 56.86 9 1.93 27 3 2
FC
87 1234 25.64 132 8 87654 694 68.68 1 6.65 6 3 4

Mohammad Rizwan 16
Test
23 4576 67.98 567 56.87 5678 12 76.98 6 5.88 58 9 3
ODI
878 7899 43.87 669 678 56789 765 95.98 7 8.96 576 8 4
T20I
43 2345 54.76 23 985 8765 76 34.76 9 7.45 76 5 3
FC
12 6789 12.54 676 8 78637 654 77.98 7 4.98 6 1 2

Babar Azam 56
Test
73 4768 67.98 567 56.87 5678 12 76.96 6 5.85 53 4 3
ODI
778 7899 43.87 879 678 56789 785 35.99 7 8.98 503 8 0
T20I
73 2745 54.76 23 765 8275 76 38.76 9 5.45 79 0 3
FC
76 2789 12.54 676 8 69767 654 89.98 7 4.95 6 3 2

Cris Gayle 333
Test
45 5678 34.98 432 23.76 4567 12 54.87 3 8.98 23 6 8
ODI
987 6543 76.76 876 34567 123 76 0.87 9 5.34 654 8 5
T20I
65 3456 43.76 65 457 3456 98 54.76 3 7.87 12 5 7
FC
99 7777 12.54 653 8 54321 987 76.89 7 7.76 9 6 8

Jason Holder 98
Test
15 1618 14.18 132 21.16 1561 11 51.81 1 8.18 13 1 8
ODI
981 1513 16.16 176 14161 113 16 0.17 1 5.14 154 1 1
T20I
15 1416 13.16 15 157 3156 18 14.16 1 1.81 11 5 1
FC
91 7117 12.54 151 1 51321 181 16.19 1 1.16 1 1 2

Evin Lewis 17
Test
35 3673 34.38 332 33.73 3537 32 34.37 3 3.38 33 3 3
ODI
383 3543 36.36 376 33537 323 36 0.37 3 5.33 354 3 3
T20I
35 3356 33.36 35 353 3356 38 34.36 3 7.37 13 3 7
FC
93 3737 32.34 353 3 34331 387 36.39 3 3.36 3 6 3

Imad Wassem 9
Test
20 4568 67.98 567 50.07 5008 12 76.98 6 5.87 8 4 3
ODI
608 7009 43.87 569 678 56789 705 35.98 7 0.96 500 8 0
T20I
40 2345 54.06 23 705 8765 76 26.76 9 7.45 76 9 3
FC
70 6789 10.54 676 0 65437 654 80.08 7 4.98 6 3 1

Aamer Yamin 12
Test
23 4568 67.98 567 56.87 5678 12 76.98 6 5.87 58 4 3
ODI
678 7899 43.87 969 678 10009 765 35.98 7 8.9 103 8 4
T20I
43 2345 54.76 23 765 8065 76 34.76 9 7.45 76 9 3
FC
76 6789 12.54 676 8 60007 654 87.09 7 4.08 6 0 2

Iftikhar Ahmed 95
Test
23 8766 67.98 567 56.87 5678 12 76.98 6 5.87 58 4 0
ODI
678 7899 43.87 365 678 50009 765 35.98 7 8.96 873 8 4
T20I
43 2345 54.76 23 765 8975 76 34.76 0 7.45 76 9 0
FC
76 7835 12.54 676 8 60007 654 87.98 7 4.08 6 1 4

Hassan Ali 32
Test
27 8886 67.98 567 56.57 5678 12 76.98 6 5.87 58 4 0
ODI
878 8889 43.65 365 345 51119 765 33.98 7 8.76 873 8 4
T20I
34 8885 54.76 83 234 8995 76 34.65 0 7.45 56 9 1
FC
87 8885 12.54 326 8 67777 654 87.68 7 4.98 6 0 5

Mohammad Nawaz 21
Test
43 8766 67.98 567 56.87 5678 12 76.98 6 5.87 58 4 0
ODI
678 9769 43.87 765 678 86439 765 35.98 7 8.96 345 8 2
T20I
43 2345 54.76 23 765 8975 76 34.76 0 7.45 76 9 0
FC
76 7835 12.54 676 8 12457 654 87.98 7 4.08 6 6 1

Shahdab Khan 29
Test
23 6753 67.98 567 56.87 5678 82 76.98 6 5.87 58 4 0
ODI
678 9865 43.87 365 678 34578 765 35.98 7 8.96 873 8 9
T20I
43 2345 54.76 23 765 8975 76 44.76 2 7.45 76 9 6
FC
76 7835 12.54 676 8 24657 654 87.98 7 4.08 6 0 3

Imam-ul -Haq 26
Test
53 5753 57.58 567 56.57 5578 52 56.98 5 5.57 58 5 0
ODI
555 5855 53.87 355 578 35578 565 35.55 5 8.96 535 8 9
T20I
45 5345 54.56 53 765 5975 56 54.56 5 5.45 56 5 5
FC
56 7535 52.54 576 5 24557 554 57.95 5 5.05 5 0 6

Fabian Allen 97
Test
25 2628 24.28 232 23.26 4267 22 52.82 3 8.28 22 6 2
ODI
982 2523 26.76 276 32527 223 26 0.27 2 2.34 624 2 5
T20I
65 2426 23.72 62 257 3256 28 24.26 2 2.27 12 2 7
FC
92 2727 22.24 253 2 52321 287 26.29 2 2.72 2 6 3

Shai Hope 4
Test
25 5628 54.28 252 53.25 5267 52 52.52 5 8.25 52 5 2
ODI
582 2553 56.56 576 52557 523 56 0.27 5 2.54 524 5 5
T20I
55 5426 53.52 52 557 5256 58 54.26 5 5.27 52 5 7
FC
95 5757 52.54 553 5 55321 587 56.29 5 5.52 5 6 4

Jayden Seales 9
Test
75 7628 74.27 732 73.76 7267 72 57.82 7 7.28 27 7 2
ODI
782 7523 76.76 776 37527 723 76 0.27 7 2.34 724 7 5
T20I
75 7426 73.77 62 757 3756 78 74.26 7 2.27 72 7 7
FC
97 7727 22.24 753 7 57321 787 76.29 7 2.72 7 6 4

Fakhar Zaman 39
Test
11 6711 17.98 167 16.87 1678 12 16.98 1 5.17 18 1 0
ODI
178 1865 13.17 351 118 11578 165 15.18 1 1.16 813 1 1
T20I
13 1315 14.16 13 165 1915 16 14.16 1 1.15 16 1 1
FC
11 1815 11.51 171 1 14517 614 81.18 1 4.18 6 1 5

Ruman Raees 11
Test
43 4743 47.48 467 46.47 4674 42 46.48 4 4.47 48 4 0
ODI
474 4845 43.87 365 674 44448 465 45.48 4 8.46 474 4 4
T20I
43 4345 44.76 43 465 4975 46 44.46 4 4.45 46 4 4
FC
46 7434 42.44 476 4 44647 454 47.48 4 4.48 4 0 6

Asif Ali 13
Test
45 6773 77.98 767 76.77 7678 72 77.78 7 5.87 78 4 7
ODI
778 7875 73.77 375 778 74577 765 75.78 7 7.97 773 7 9
T20I
77 2775 74.76 73 775 7975 77 74.77 7 7.75 77 7 6
FC
78 7875 82.84 876 8 74677 754 77.97 7 4.78 6 7 8

Usman Shinwari 14
Test
48 8773 87.98 867 78.78 8678 82 87.88 8 5.88 78 8 7
ODI
878 8878 83.87 875 888 84587 865 85.88 8 7.98 8 78 8
T20I
88 8785 84.6 83 875 8975 87 84.87 8 8.78 87 8 6
FC
78 7885 88.84 878 8 84687 854 87.97 8 4.88 6 8 9

Shaheen Afridi 40
Test
95 9793 97.98 797 79.77 7979 92 97.78 9 5.97 98 9 7
ODI
799 9895 93.97 975 799 74597 965 95.78 9 7.99 73 9 9
T20I
79 2975 94.79 93 995 9975 97 94.97 9 9.75 99 9 6
FC
79 9875 92.94 976 8 94679 954 97.97 9 4.98 6 9 2

Hussain Talat 12
Test
35 6373 37.98 737 36.77 3678 32 37.73 3 5.83 78 3 7
ODI
773 3875 33.77 373 378 34577 735 75.38 3 7.37 373 3 3
T20I
33 3735 34.36 33 375 3935 37 34.37 3 3.35 37 3 3
FC
73 3875 82.84 876 3 34677 754 77.37 3 4.38 6 3 1

Abid Ali 60
Test
76 2344 12.98 635 98.77 6548 76 77.86 4 5.56 34 2 2
ODI
534 3632 43.47 375 278 26374 123 34.78 2 7.27 273 2 9
T20I
27 2725 24.76 23 275 2975 27 24.27 2 2.72 72 7 2
FC
28 7275 22.24 276 2 74277 724 72.27 2 2.78 2 7 1

Waseem Akram 3
Test
56 2541 61.61 615 68.17 6148 46 14.14 4 5.14 14 1 2
ODI
524 2622 23.27 575 572 56374 523 34.52 5 2.27 573 2 3
T20I
40 1715 14.36 13 375 2175 23 31.23 1 2.13 71 1 1
FC
29 9375 92.94 396 9 75275 504 50.5 0 2.08 2 0 1

Sunil Ambris 99
Test
95 9629 94.29 932 93.96 9267 92 92.82 9 8.28 22 6 2
ODI
989 2923 96.76 976 92597 293 96 0.97 9 2.94 924 9 5
T20I
65 9426 93.72 92 957 9256 98 94.26 9 2.97 92 9 7
FC
99 9727 92.24 953 9 92391 987 96.29 9 9.72 9 6 3

Darren Bravo 46
Test
95 9629 94.29 932 93.96 9267 92 92.82 9 8.28 22 6 2
ODI
782 7523 76.76 776 37527 723 76 0.27 7 2.34 724 7 5
T20I
55 5426 53.52 52 557 5256 58 54.26 5 5.27 52 5 7
FC
92 2727 22.24 253 2 52321 287 26.29 2 2.72 2 6 4

John Campbell 23
Test
45 5678 34.98 432 23.76 4567 12 54.87 3 8.98 23 6 8
ODI
989 2923 96.76 976 92597 293 96 0.97 9 2.94 924 9 5
T20I
15 1416 13.16 15 157 3156 18 14.16 1 1.81 11 5 1
FC
99 7777 12.54 653 8 54321 987 76.89 7 7.76 9 6 5

Usman Qadir 91
Test
11 2141 11.91 615 18.17 6148 16 17.16 1 5.16 14 1 2
ODI
524 2622 23.27 275 272 26374 123 34.22 2 2.27 273 2 3
T20I
37 3725 34.36 23 375 2975 23 34.23 3 2.73 73 7 3
FC
23 7375 32.24 376 5 75275 524 52.57 5 2.58 2 5 1

Imran Khan 28
Test
32 8474 13.91 315 38.17 2148 26 13.12 3 2.36 24 3 2
ODI
523 3332 33.27 375 222 26334 223 33.23 2 2.27 373 2 3
T20I
67 6725 64.36 63 575 6975 63 54.23 5 5.73 53 7 3
FC
26 7675 62.64 376 6 75265 564 56.57 6 6.56 6 5 1

Shoiab Akhtar 14
Test
14 2441 41.91 645 48.14 6448 14 14.16 4 5.14 14 4 2
ODI
624 6622 63.67 675 672 66374 163 64.26 6 2.67 673 6 6
T20I
34 3425 44.46 43 475 4975 43 44.24 4 2.73 43 4 3
FC
99 9375 92.94 976 9 95275 594 59.57 9 2.98 9 5 1

Shan Masood 94
Test
11 2141 11.91 615 18.17 6148 16 17.16 1 5.16 14 1 2
ODI
524 2622 23.27 275 272 26374 123 34.22 2 2.27 273 2 3
T20I
37 3725 34.36 23 375 2975 23 34.23 3 2.73 73 7 3
FC
23 7375 32.24 376 5 75275 524 52.57 5 2.58 2 5 2

Zafar Gohar 88
Test
73 4768 67.98 567 56.87 5678 12 76.96 6 5.85 53 4 3
ODI
524 2622 23.27 275 272 26374 123 34.22 2 2.27 273 2 3
T20I
40 1715 14.36 13 375 2175 23 31.23 1 2.13 71 1 1
FC
76 7835 12.54 676 8 60007 654 87.98 7 4.08 6 0 2

Raza Hassan 100
Test
43 7578 17.78 587 56.27 8778 76 64.98 7 8.27 87 6 8
ODI
678 7899 43.87 569 678 56789 765 35.98 7 8.96 543 8 4
T20I
23 7325 51.82 23 265 2765 26 24.76 2 2.82 26 2 2
FC
66 6769 65.64 666 6 64567 604 67.68 6 6.68 6 2 13

Anwar Ali 48
Test
27 8886 67.98 567 56.57 5678 12 76.98 6 5.87 58 4 0
ODI
678 9865 43.87 365 678 34578 765 35.98 7 8.96 873 8 9
T20I
13 1315 14.16 13 165 1915 16 14.16 1 1.15 16 1 1
FC
76 6789 12.54 676 8 60007 654 87.09 7 4.08 6 0 12

Bilawal Bhatti 80
Test
43 8766 67.98 567 56.87 5678 12 76.98 6 5.87 58 4 0
ODI
799 9895 93.97 975 799 74597 965 95.78 9 7.99 973 9 9
T20I
13 7655 52.46 53 745 8765 26 54.76 8 6.65 26 4 4
FC
23 4321 55.64 986 8 39877 694 67.68 2 6.98 2 0 2

Umar Akmal 96
Test
27 8886 67.98 567 56.57 5678 12 76.98 6 5.87 58 4 0
ODI
678 9865 43.87 365 678 34578 765 35.98 7 8.96 873 8 9
T20I
83 6745 51.86 93 765 4765 96 34.76 9 5.85 76 5 2
FC
76 6789 12.54 676 8 65437 654 87.98 7 4.98 6 3 1

Roston Chase 70
Test
25 2628 24.28 232 23.26 4267 22 52.82 3 8.28 22 6 2
ODI
383 3543 36.36 376 33537 323 36 0.37 3 5.33 354 3 3
T20I
65 2426 23.72 62 257 3256 28 24.26 2 2.27 12 2 7
FC
92 2727 22.24 253 2 52321 287 26.29 2 2.72 2 6 4

Rahkeem Cornwall 21
Test
15 2128 14.28 132 13.26 1267 12 51.82 1 8.18 12 1 2
ODI
385 5543 56.36 576 53537 523 56 0.57 5 5.53 554 5 3
T20I
75 7427 73.72 72 757 3756 78 74.76 7 7.27 72 2 7
FC
99 9727 92.24 953 9 59321 987 26.29 2 2.32 3 6 3

